[
  {
    "position": [0.05506524443626404,
    0.9822681546211243,
    -1.872104525566101,
    -0.06034895405173302,
    0.961580753326416,
    -1.9075140953063965,
    0.10157465934753418,
    0.8375625610351562,
    -1.8707408905029297,
    -0.03393043577671051,
    0.6556153893470764,
    -1.7221152782440186
    ],
    "duration": 2
  },
  {
    "position":  [
    0.055043935775756836,
    0.9822681546211243,
    -1.8722749948501587,
    -0.06034895405173302,
    0.9616020321846008,
    -1.9075140953063965,
    0.10157465934753418,
    0.8375412225723267,
    -1.8707623481750488,
    -0.03390912711620331,
    0.6556153893470764,
    -1.7221152782440186
  ],
    "duration": 0.5
  },
  {
    "position":  [
    0.06953153014183044,
    0.9570852518081665,
    -1.8848450183868408,
    0.37564247846603394,
    1.0719208717346191,
    -2.0173001289367676,
    -0.3863377571105957,
    1.3398346900939941,
    -1.9388327598571777,
    -0.05659925937652588,
    0.6650110483169556,
    -1.7226266860961914
  ],
    "duration": 1
  },
  {
    "position":  [
    0.06942498683929443,
    0.9571065902709961,
    -1.8862512111663818,
    0.4387487471103668,
    0.3240412473678589,
    -1.2837377786636353,
    -0.41073232889175415,
    1.0152486562728882,
    -1.3478026390075684,
    -0.05649273097515106,
    0.6648831963539124,
    -1.722221851348877
  ],
    "duration": 0.5
  },
  {
    "position": [0.05506524443626404,
    0.9822681546211243,
    -1.872104525566101,
    -0.06034895405173302,
    0.961580753326416,
    -1.9075140953063965,
    0.10157465934753418,
    0.8375625610351562,
    -1.8707408905029297,
    -0.03393043577671051,
    0.6556153893470764,
    -1.7221152782440186
    ],
    "duration": 2
  }
]